0.028571 - piano
0.821791 - wood
2.421066 - wood
3.229252 - piano
3.323197
4.022245 - wood
5.619478 - wood
6.428186 - piano
7.223243 - wood
8.818934 - wood
9.630385
9.674150
10.421769 - wood
12.022540 - wood
12.781837
12.820635
13.021066
13.130749
13.220136
13.425941
13.597891
13.825192
14.020907
14.120136
14.225805
14.330181
14.414898
14.623311
14.821383
14.930567
15.020453
15.200363
15.419388 - piano
15.530023
15.620476
15.823061
16.003719
16.219795
16.329842
16.419954
16.621881
16.797415
16.930363
17.020046
17.221270
17.424740
17.530001
17.616690
17.826962
18.019773
18.130772
18.225578
18.398050
18.730816
18.820408
19.027029
19.200726
19.620226
19.820431
19.998888
20.420385
20.624649
20.731586
20.810453
21.220226
21.330929
21.423855
21.596758
21.929615
22.017845
22.227280
22.404581
24.026598
24.225555
24.326780
24.429138
24.627573
24.695465
24.761837
24.830681
24.929501
25.030636
25.231405
25.663969
26.225216
26.420296
26.458754
26.824127
27.123741
27.220976
27.425850
27.624376
27.726349
28.020613
28.056849
28.325352
28.425056
28.626326
28.821020
28.923151
29.125669
29.225828
29.424286
29.620430
29.657824
30.025715
30.326599
30.420771
30.521950
30.626348
30.825602
30.926508
31.220749
31.259546
31.525873
31.826530
32.021202
32.121861
32.326099
32.424919
32.625465
32.820454
32.856689
33.225849
33.525738
33.620861
33.723175
33.824104
34.024261
34.125420
34.420227
34.458595
34.724377
35.026756
35.221066
35.322742
35.524967
35.625874
35.826328
36.020432
36.059162
36.424740
36.726124
36.820908
36.922153
37.025215
37.224083
37.324715
37.620430
37.657120
37.925781
38.026371
38.125919
38.227528
38.326508
38.419296
38.837776
39.218094
39.258980
39.624489
40.020565
40.225693
40.424377
40.820522
40.857666
41.224556
41.426098
41.621021
41.723267
42.024990
42.420319
42.457867
42.825352
43.220657
43.323174
43.425602
43.624920
44.020432
44.059547
44.424240
44.626461
44.821110
44.921928
45.224308
45.425919
45.620453
45.656712
46.025215
46.420612
46.522335
46.625420
46.825237
47.220226
47.258595
47.624805
47.825737
48.020863
48.123741
48.324242
48.425602
48.625690
48.820522
48.859253
49.224354
49.525852
49.620907
49.722630
50.024536
50.420498
50.457279
50.824852
51.024605
51.239933
51.377007
51.531090
51.831245
52.131721
52.431610
52.731178
53.031677
53.331837
53.631905
53.930386
54.228798
54.430656
54.731155
55.030453
55.330795
55.630863
55.929817
56.230091
56.530884
56.828255
57.130611
57.600250
58.228550
58.399773
59.212856
59.995010
60.820679
64.063835
64.327415
64.626869
64.818733
65.127121
65.426941
65.619164
65.664986
65.927078
66.126640
66.226959
66.326668
66.419411
66.465782
66.727348
67.027481
67.219208
67.264420
67.527321
67.619476
67.663399
67.827164
67.926918
68.019547
68.063698
68.126213
68.327370
68.419273
68.464195
68.626961
68.726212
68.818779
68.864601
69.019272
69.128075
69.218842
69.264992
69.526939
69.619026
69.665512
69.726234
69.928619
70.019005
70.065491
70.326302
70.418098
70.461136
70.719025
70.819069
70.861153
71.119095
71.219414
71.260567
71.417892
71.518661
71.619255
71.658386
71.817917
71.918182
72.019005
72.060226
72.218529
72.317642
72.419044
72.458344
72.618095
72.717598
72.818619
72.859344
73.117958
73.218025
73.259567
73.518547
73.617683
74.418732
74.617752
74.818779
75.218979
75.417366
75.817459
76.437256
76.819000
76.863693
77.620430
79.220360
79.257118
79.625916
80.020973
80.122604
80.818550
80.857826
81.225967
81.426056
81.620247
81.822723
82.026123
82.226936
82.420319
82.459389
83.262947
84.020409
84.056419
84.922447
85.226349
85.620361
85.658432
86.520859
87.219612
87.259003
87.625328
88.021088
88.425529
88.820229
88.857140
89.125603
89.226372
89.326324
89.427505
89.526352
89.619209
89.663971
90.222900
90.420631
90.458733
90.825218
91.221069
91.624741
92.020340
92.056938
92.425011
92.820450
93.618187
93.657776
94.025467
94.420319
94.523399
94.824219
95.220634
95.259567
95.624535
96.021225
96.063835
96.625305
96.820747
96.856483
97.225235
97.620201
97.722519
98.025330
98.419296
98.458481
98.825439
99.220520
100.018097
100.059181
100.827370
101.025757
101.125870
101.228821
101.427162
101.496239
101.561859
101.629997
101.729431
101.830269
102.030586
102.130089
102.837822
103.218185
103.259094
103.624672
103.924782
104.020500
104.226555
104.425262
104.820656
104.857758
105.124649
105.225105
105.426079
105.620972
105.722969
105.925308
106.025169
106.224579
106.420319
106.457848
106.825310
107.125557
107.220703
107.323036
107.424652
107.624374
107.726303
108.020706
108.059593
108.325760
108.424713
108.626640
108.821159
109.126030
109.224648
109.426575
109.620293
109.656715
110.025734
110.325691
110.420860
110.523064
110.625984
110.825394
110.926598
111.220161
111.258591
111.524849
111.625763
111.825737
112.020973
112.122086
112.324944
112.424217
112.625938
112.820412
112.859161
113.224602
113.526894
113.620865
113.826958
114.024605
114.124649
114.420341
114.457253
114.724854
114.825035
115.025352
115.220612
115.263992
116.424400
116.823517
117.223518
117.623878
118.023857
118.424400
118.824242
119.224579
119.624924
120.025215
120.423721
120.823334
121.089935
121.153809
121.221107
121.417076
121.822838
122.022881
122.223175
122.403648
122.523376
122.573875
122.623154
122.673401
122.723808
122.772858
122.822495
123.021858
123.123268
123.218254
123.420570
123.519501
123.622520
123.722198
123.821182
123.921997
123.997620
124.123878
124.221336
124.321587
124.422539
124.522491
124.621498
124.720703
124.819023
124.920700
125.021767
125.120949
125.220818
125.320839
125.422157
125.521065
125.600815
125.723038
125.773331
125.823608
125.873650
125.922203
125.973946
126.020973
126.120750
126.222656
126.322021
126.419754
126.519775
126.622429
126.719322
126.821228
126.901878
127.022087
127.122604
127.193787
127.323288
127.420319
127.520134
127.622086
127.721001
127.820793
127.922333
128.018768
128.120560
128.220840
128.319839
128.422455
128.520187
128.621185
128.720184
128.802216
128.924133
128.973145
129.022614
129.073990
129.121933
129.172806
129.222092
129.319427
129.421799
129.521042
129.618820
129.719818
129.821930
129.919678
130.020340
130.120560
130.222427
130.321762
130.400162
130.522964
130.622925
130.722183
130.821106
130.920593
131.022064
131.122498
131.219818
131.321747
131.420654
131.522430
131.621887
131.721359
131.820755
131.920090
131.999847
132.123657
132.173721
132.222092
132.273651
132.322083
132.372879
132.422852
132.521317
132.621109
132.721542
132.818024
132.920273
133.021332
133.119949
133.222061
133.321228
133.422043
133.522079
133.599075
133.723267
133.823181
134.021790
134.223068
134.323273
134.419678
134.624008
134.823608
135.023148
135.123123
135.201843
135.323334
135.373947
135.423965
135.473633
135.524582
135.573151
135.622971
135.723694
135.824127
135.922897
136.018463
136.221909
136.315506
136.423386
136.524429
136.622147
136.721771
136.797577
136.923767
137.022110
137.121933
137.220856
137.324310
137.422104
137.521515
137.619278
137.722382
137.822647
137.922318
138.023361
138.123398
138.223511
138.322586
138.397598
138.523056
138.573761
138.624237
138.673782
138.722946
138.773941
138.821243
138.922424
139.023651
139.122726
139.220291
139.323105
139.423508
139.514786
139.622284
139.723328
139.822403
139.923737
139.997711
140.123291
140.222153
140.323715
140.422806
140.524765
140.621887
140.724350
140.819077
140.921631
141.021729
141.119095
141.224167
141.324402
141.422897
141.523285
141.599319
141.723419
141.773224
141.823624
141.873749
141.923065
141.974152
142.020050
142.124313
142.222656
142.321503
142.419235
142.520813
142.623062
142.716827
142.821808
142.923920
143.024170
143.122772
143.198532
143.322723
143.423920
143.523605
143.621979
143.723083
143.825562
143.923126
144.020279
144.122406
144.222794
144.320572
144.423874
144.524338
144.622726
144.722275
144.798157
144.923676
144.973175
145.023224
145.074081
145.123077
145.173996
145.221771
145.324936
145.423676
145.522400
145.620346
145.721878
145.823563
145.916641
146.022995
146.125381
146.223129
146.322784
146.417648
146.522919
146.623535
146.724747
146.822647
147.024506
147.123108
149.632339
149.930115
150.229095
150.430405
150.731110
151.031204
151.330368
151.630630
151.930588
152.229645
152.530945
152.827713
153.130310
153.621658
154.228348
154.397659
155.215576
156.020248
156.823517
160.062408
160.327255
160.627045
160.819336
161.127045
161.427353
161.526932
161.619156
161.663834
161.927216
162.127350
162.227081
162.419159
162.464172
162.527023
162.727646
163.026932
163.218796
163.265289
163.326462
163.426804
163.527939
163.619370
163.665192
163.827072
163.926941
164.019531
164.065323
164.327576
164.419235
164.465530
164.626785
164.726440
164.819244
164.865356
165.127182
165.219528
165.263519
165.527252
165.619247
165.663635
165.725830
165.818298
165.927277
166.019272
166.063538
166.326324
166.460205
166.618912
166.718475
166.818375
166.859818
167.019089
167.118439
167.218216
167.260162
167.419296
167.518387
167.618011
167.660767
167.918884
168.018463
168.061340
168.219803
168.318771
168.418930
168.460403
168.719070
168.819229
168.861038
169.118546
169.219070
169.257935
169.619064
170.218094
170.619064
170.817413
171.019867
171.217621
171.418930
171.618393
172.017212
172.438660
172.820297
172.863739
174.040253
174.430450
174.832184
175.305176
175.640594
176.030472
176.618576
176.819214
176.859360
177.224533
177.620956
178.024216
178.420563
178.457214
179.263474
180.020248
180.058701
181.620392
181.656937
182.522476
183.218567
183.257797
183.625351
184.020386
184.425934
184.820358
184.859406
185.124969
185.225967
185.326889
185.425858
185.526123
185.620255
185.663757
186.225235
186.420700
186.456436
186.824905
187.220840
187.322723
187.624939
188.020248
188.058487
188.425034
188.820877
189.619385
189.659042
190.024689
190.420792
190.521179
190.825058
191.220245
191.257263
191.624832
192.020401
192.063965
192.624084
192.820953
192.858658
193.224533
193.620956
194.024353
194.420425
194.456711
194.824448
195.220886
195.651001
196.018845
196.057709
196.825424
197.027527
197.127014
197.226639
197.429337
197.494507
197.563354
197.629120
197.729385
197.830750
198.030457
198.131363
198.837158
199.218887
199.256622
199.624786
199.926208
200.020187
200.224869
200.425461
200.524734
200.820129
200.858521
201.126984
201.225143
201.425598
201.621002
201.925369
202.024155
202.225555
202.420364
202.459229
202.824600
203.125015
203.220856
203.425858
203.624283
203.723465
204.020340
204.057297
204.326691
204.425125
204.625351
204.820541
205.124130
205.224579
205.425140
205.620438
205.659180
206.024429
206.325699
206.421082
206.521912
206.625443
206.824326
206.926331
207.220520
207.257126
207.525375
207.624557
207.826370
208.020996
208.122131
208.325607
208.426422
208.625854
208.820312
208.857819
209.226334
209.526627
209.620834
209.724014
209.825760
210.024765
210.125900
210.420700
210.459564
210.725693
211.024689
211.637115
212.018799
212.056549
212.425217
212.726120
212.819931
213.024857
213.225601
213.325027
213.425491
213.522995
213.619019
213.658524
213.925903
214.024780
214.225464
214.323471
214.420197
214.524124
214.624802
214.725601
214.824768
215.026260
215.124146
215.219971
215.259369
215.624756
215.825623
215.926117
216.020859
216.122635
216.225937
216.324905
216.424988
216.524963
216.626251
216.725266
216.819916
216.857346
217.125916
217.225739
217.425674
217.523010
217.619705
217.723404
217.825104
217.924927
218.025925
218.225891
218.323425
218.419235
218.459167
218.825256
219.025650
219.125290
219.221085
219.322922
219.425980
219.524033
219.624802
219.724701
219.826309
219.924667
220.020187
220.057526
220.326569
220.424576
220.626099
220.724609
220.820312
220.922806
221.023590
221.124496
221.225510
221.425629
221.619553
221.657852
222.025833
222.224670
222.325470
222.420380
222.523926
222.625961
222.825729
222.925232
223.025650
223.123917
223.219345
223.259659
223.525940
223.624588
223.825211
224.017639
224.063354
225.822296
226.124191
226.422562
226.620605
226.722702
226.819412
226.919891
227.023224
227.121063
227.221176
227.320724
227.420685
227.523178
227.621902
227.721298
227.822968
227.921295
228.119476
228.220566
228.321014
228.422470
228.520584
228.620911
228.723511
228.821152
229.022217
229.321335
229.621857
229.720551
229.819962
229.920959
230.020996
230.121841
230.221558
230.319962
230.422150
230.523087
230.620865
230.719925
230.819870
230.920914
231.022293
231.121475
231.221634
231.322830
231.621704
231.722809
231.821426
231.923126
232.219955
232.519592
232.620483
232.720947
232.822083
232.920593
233.121017
233.220688
233.319748
233.420456
233.518326
233.621658
233.719864
233.818893
233.919022
234.022034
234.121063
234.219910
234.318375
234.423630
234.520706
234.620041
234.718796
234.820129
234.922195
235.021378
235.119202
235.220291
235.322021
235.420837
235.521561
235.622086
235.718094
235.822968
235.922012
236.021912
236.120590
236.221863
236.320435
236.419479
236.518387
236.619278
236.720459
236.821793
236.920563
237.021042
237.121063
237.220810
237.320969
237.420731
237.519608
237.623444
237.720840
237.820724
237.919983
238.022522
238.122116
238.221069
238.320541
238.422989
238.522202
238.621490
238.721222
238.823563
238.923309
239.022751
239.122284
239.223907
239.324310
239.423126
239.522705
239.622910
239.723877
239.823196
239.922897
240.023560
240.121765
240.225082
