1.589751
1.963742
2.337732
2.711723
3.499025
4.027710
4.835714
5.228481
5.621224
6.435125
7.226485
8.034988
8.826576
9.628685
10.435873
11.227211
12.021678
12.811769
13.622540
14.407551
15.218208
16.008072
16.819456
17.610590
18.421701
19.213152
20.022312
20.828888
21.621746
22.429274
23.221724
24.020817
24.813402
25.580339
26.374083
27.229706
28.020884
28.438980
28.837234
29.235464
29.633696
30.014013
30.405964
30.797915
31.189840
31.568708
31.959206
32.349682
32.833561
33.329048
33.824535
34.223354
34.713196
35.203037
35.681427
36.171429
36.661430
37.439182
37.929771
38.420341
38.935215
39.426689
39.918163
40.396645
40.886711
41.376804
41.855171
42.345146
42.835125
43.312584
43.801655
44.290726
44.769363
45.259590
45.749817
46.124035
46.614330
47.104626
47.737255
48.228119
48.718956
49.197845
49.688320
50.178822
50.657257
51.147324
51.637371
52.115623
52.605465
53.095329
53.571880
54.060047
54.548233
55.234035
55.722561
56.211090
56.739681
57.224693
57.709705
58.135464
58.625919
59.116394
59.721111
60.208912
60.696712
61.334377
61.820339
62.306305
62.777370
63.260021
63.742676
64.127892
64.524696
64.921516
65.318344
65.693512
66.080292
66.467072
66.853851
67.232475
67.622673
68.012901
68.392265
68.783241
69.174240
69.565216
69.936485
70.327843
70.719231
71.110588
71.517097
71.907822
72.298546
72.689278
73.217979
73.611908
74.005829
74.384514
74.774788
75.165054
75.555328
75.932198
76.320679
76.709160
77.097641
77.474854
77.863670
78.252518
78.641335
79.016121
79.402519
79.788910
80.175308
80.550682
80.937645
81.324600
81.711563
82.023376
82.410042
82.796738
83.183426
83.560432
83.949074
84.337708
84.712608
85.099136
85.485672
85.872177
86.248390
86.636215
87.024055
87.411880
87.784355
88.168457
88.552559
88.936668
89.221268
89.606918
89.992561
90.378212
90.888908
91.411224
91.933540
92.565781
93.083107
93.600433
94.106010
94.623177
95.235962
95.630768
96.025581
96.420387
96.797913
97.187073
97.576210
97.965378
98.429726
98.819023
99.208321
99.625443
100.014420
100.403404
100.792381
101.234787
101.621407
102.008003
102.394600
102.930275
103.320229
103.710182
104.088913
104.479248
104.869591
105.259933
105.639435
106.030540
106.421654
106.812767
107.191292
107.581429
107.971565
108.361702
108.847595
109.345100
109.842606
110.322701
110.814400
111.306122
111.786011
112.277504
112.769005
113.331589
113.822586
114.313560
114.793152
115.284332
115.775536
116.254173
116.744400
117.234650
117.712769
118.202492
118.692223
119.333763
119.822609
120.311432
120.617844
121.101341
121.584808
122.058411
122.543602
123.028824
123.534470
124.027733
124.520996
125.030479
125.425575
125.820656
126.215759
126.627350
127.021156
127.414963
127.826508
128.220428
128.614334
129.008255
129.425552
129.819519
130.213486
130.607437
131.025803
131.419708
131.813599
132.207504
132.622955
133.016937
133.410950
133.826492
134.220459
134.614426
135.008408
135.431061
135.825073
136.219116
136.613159
137.030182
137.423965
137.817749
138.228668
138.622604
139.016571
139.410522
139.829346
140.223312
140.617279
141.011246
141.429092
141.822952
142.216797
142.610687
143.034103
143.428024
143.821930
144.230499
144.624237
145.017975
145.411728
145.831467
146.225449
146.619431
147.013397
147.432877
147.826599
148.220337
148.602570
148.996414
149.390244
149.784088
150.165985
150.559479
150.952988
151.346481
151.729324
152.123764
152.518204
152.912628
153.284393
153.667755
154.051132
154.434494
154.820526
155.210495
155.600449
155.990433
156.406128
156.797348
157.188599
157.567398
157.957779
158.348160
158.738571
159.115311
159.503677
159.892014
160.280380
160.653015
161.037262
161.421478
161.805710
162.183243
162.572388
162.961517
163.350662
163.729950
164.120865
164.511765
164.902649
165.282700
165.674332
166.065964
166.722244
167.114197
167.506165
167.898117
168.412857
168.803940
169.195053
169.622360
170.013580
170.404831
170.796082
171.175537
171.566620
171.957687
172.348770
172.727982
173.118805
173.509613
173.888138
174.278259
174.668365
175.058502
175.434402
175.821930
176.209427
176.596939
176.833267
177.223312
177.613327
178.003372
178.380981
178.770203
179.159439
179.548660
179.924286
180.311523
180.698746
181.085983
181.460892
181.847366
182.233871
182.620392
182.994629
183.380478
183.766327
184.152176
184.665054
185.189545
185.714035
186.487671
187.005508
187.511978
188.030045
188.548111
189.054626
189.572739
190.090866
190.568680
191.087250
191.605850
192.274124
192.794312
193.688889
194.207962
194.835938
195.232224
195.628510
196.024811
196.400833
196.788498
197.176163
197.563812
197.908859
198.295715
198.682556
199.069412
199.447952
199.838089
200.228226
200.995331
201.384689
201.774063
202.153839
202.545242
202.936615
203.328033
203.706024
204.095642
204.485260
204.874878
205.253464
205.643677
206.033875
206.424057
207.035675
207.529861
208.024033
208.500656
208.988907
209.477142
209.953262
210.440994
210.928711
211.404510
211.891907
212.379318
212.853745
213.339798
213.825821
214.126419
214.611603
215.096802
215.533600
216.021118
216.508621
217.431931
217.922134
218.412308
218.824768
219.219437
219.614075
220.030975
220.423264
220.815582
221.207870
221.632660
222.024628
222.416595
222.808578
223.233246
223.625412
224.017624
224.425415
224.817490
225.209549
225.601608
225.981339
226.372650
226.763992
227.155304
227.534103
227.924515
228.314926
228.705322
229.291321
229.674484
230.057648
230.511673
230.897232
231.282791
231.668350
232.030914
232.423630
232.816376
233.209122
233.628616
234.021835
234.415054
234.827026
235.220901
235.614807
236.008713
236.424484
236.818527
237.212540
237.606583
238.027725
238.421707
238.815689
239.209686
239.514450
239.909409
240.304382
240.699371
241.212997
241.606842
242.000702
242.383667
242.778259
243.172852
243.567444
243.950836
